
>>> Lendo arquivo: ./dados_trabalho_01/GRAFO_1.txt <<<
    A0 A1 A2 A3 A4 A5 A6 A7 A8 
a | 1  0  0  0  0  0  0  0  0  
b | 1  1  1  1  1  0  0  0  0  
c | 0  1  0  0  0  1  1  1  0  
d | 0  0  1  0  0  1  0  0  1  
e | 0  0  0  1  0  0  1  0  0  
f | 0  0  0  0  1  0  0  0  0  
i | 0  0  0  0  0  0  0  1  0  
h | 0  0  0  0  0  0  0  0  1  

------------------------------------------

>>> Lendo arquivo: ./dados_trabalho_01/GRAFO_2.txt <<<
    A0 A1 A2 A3 A4 A5 A6 A7 A8 A9 A10 A11 A12 
1 | 1  1  0  0  0  0  0  0  1  0  0  0  0  
2 | 1  0  1  1  1  0  0  0  0  0  0  0  0  
3 | 0  1  1  0  0  1  0  0  0  0  0  0  0  
5 | 0  0  0  1  0  0  1  0  0  0  0  0  0  
6 | 0  0  0  0  1  0  0  1  1  0  0  0  0  
4 | 0  0  0  0  0  1  1  0  0  0  0  0  0  
7 | 0  0  0  0  0  0  0  1  0  0  0  0  0  
8 | 0  0  0  0  0  0  0  0  0  1  1  1  0  
9 | 0  0  0  0  0  0  0  0  0  1  0  0  1  
10 | 0  0  0  0  0  0  0  0  0  0  1  0  1  
11 | 0  0  0  0  0  0  0  0  0  0  0  1  0  

------------------------------------------
