-----------------GRAFO1 (Lista -> Matriz)-----------------
  a b c d e f h i 
a 0 1 0 0 0 0 0 0 
b 1 0 1 1 1 1 0 0 
c 0 1 0 1 1 0 0 1 
d 0 1 1 0 0 0 1 0 
e 0 1 1 0 0 0 0 0 
f 0 1 0 0 0 0 0 0 
h 0 0 0 1 0 0 0 0 
i 0 0 1 0 0 0 0 0 
-----------------GRAFO1 (Matriz -> Lista)-----------------
a: b 
b: a c d e f 
c: b d e i 
d: b c h 
e: b c 
f: b 
h: d 
i: c 
-----------------GRAFO2 (Lista -> Matriz)-----------------
  1 2 3 4 5 6 7 8 9 10 11 
1 0 1 1 0 0 1 0 0 0 0 0 
2 1 0 1 0 1 1 0 0 0 0 0 
3 1 1 0 1 0 0 0 0 0 0 0 
4 0 0 1 0 1 0 0 0 0 0 0 
5 0 1 0 1 0 0 0 0 0 0 0 
6 1 1 0 0 0 0 1 0 0 0 0 
7 0 0 0 0 0 1 0 0 0 0 0 
8 0 0 0 0 0 0 0 0 1 1 1 
9 0 0 0 0 0 0 0 1 0 1 0 
10 0 0 0 0 0 0 0 1 1 0 0 
11 0 0 0 0 0 0 0 1 0 0 0 
-----------------GRAFO2 (Matriz -> Lista)-----------------
1: 2 3 6 
2: 1 3 5 6 
3: 1 2 4 
4: 3 5 
5: 2 4 
6: 1 2 7 
7: 6 
8: 9 10 11 
9: 8 10 
10: 8 9 
11: 8 
