---------------- GRAFO1 ----------------
  a b c d e f i h 
a 0 1 0 0 0 0 0 0 
b 1 0 1 1 1 1 0 0 
c 0 1 0 1 1 0 1 0 
d 0 1 1 0 0 0 0 1 
e 0 1 1 0 0 0 0 0 
f 0 1 0 0 0 0 0 0 
i 0 0 1 0 0 0 0 0 
h 0 0 0 1 0 0 0 0 
---------------- GRAFO2 ----------------
  1 2 3 5 6 4 7 8 9 10 11 
1 0 1 1 0 1 0 0 0 0 0 0 
2 1 0 1 1 1 0 0 0 0 0 0 
3 1 1 0 0 0 1 0 0 0 0 0 
5 0 1 0 0 0 1 0 0 0 0 0 
6 1 1 0 0 0 0 1 0 0 0 0 
4 0 0 1 1 0 0 0 0 0 0 0 
7 0 0 0 0 1 0 0 0 0 0 0 
8 0 0 0 0 0 0 0 0 1 1 1 
9 0 0 0 0 0 0 0 1 0 1 0 
10 0 0 0 0 0 0 0 1 1 0 0 
11 0 0 0 0 0 0 0 1 0 0 0 
